1777477309334 0.5695637693217874 1
1777477627279 0.7711576522297009 2
1777478151423 0.9055952430671795 3
1777478675685 0.9465192983157685 4
1777479200621 0.9580522861185391 5
1777479725182 0.964389616178962 6
1777480249922 0.9865818542296072 7
1777480774628 0.9920017378928078 8
1777481298584 0.9936744712990937 9
1777481822681 0.9951260385196374 10
1777482346806 0.996400585347432 11
1777482870906 0.9966278708233214 12
1777483394725 0.9964272477115389 13
1777483919324 0.9967428247734139 14
1777484444160 0.9967812884970374 15
