1777469631100 3.550955223172813 1
1777470156028 1.2595931066937316 2
1777470680783 0.7338753474533017 3
1777471205459 0.6123677407956916 4
1777471730070 0.5624299155396277 5
1777472255127 0.2152363061314038 6
1777472779729 0.14344770668125134 7
1777473303908 0.12126529162181288 8
1777473829062 0.10601913526209684 9
1777474353662 0.07538179140692729 10
1777474878352 0.07077847254670751 11
1777475403872 0.06874344078683241 12
1777475928366 0.0668112752048912 13
1777476453286 0.06369952431505721 14
1777476978441 0.06252335520388047 15
