1777469631100 0.5264538400482915 1
1777470156028 0.7480680737250521 2
1777470680783 0.835200570681304 3
1777471205459 0.8613108600914658 4
1777471730070 0.8748203570929178 5
1777472255127 0.9524969054312864 6
1777472779729 0.9685790988073608 7
1777473303908 0.9738071010732219 8
1777473829062 0.9776010196374623 9
1777474353662 0.9848501140257383 10
1777474878352 0.9859712431798169 11
1777475403872 0.9863252839653154 12
1777475928366 0.9868681465030797 13
1777476453286 0.9873371412386707 14
1777476978441 0.9880452228096677 15
