1777462165034 0.5249349614014438 1
1777462482130 0.6183125629705964 2
1777463007901 0.7982592557492213 3
1777463533315 0.8782191486337033 4
1777464058475 0.8989571969494718 5
1777464583957 0.9130064968436146 6
1777465108858 0.9654784008995644 7
1777465635007 0.9762971879312279 8
1777466159542 0.9792208655363123 9
1777466684472 0.9807314395544392 10
1777467209290 0.9862190717296658 11
1777467733699 0.9874905589123867 12
1777468258171 0.9872457900076114 13
1777468783148 0.9879538715786084 14
1777469309023 0.9888389735423546 15
