1777462165034 0.7459761735355745 1
1777462482130 0.8274999650763601 2
1777463007901 0.9299737922734724 3
1777463533315 0.9634660505816296 4
1777464058475 0.9731785694638048 5
1777464583957 0.9773326480136537 6
1777465108858 0.993594921427551 7
1777465635007 0.9965098572281552 8
1777466159542 0.9972266805135952 9
1777466684472 0.99766333081571 10
1777467209290 0.9985956382175226 11
1777467733699 0.9987844599697885 12
1777468258171 0.9987608572507553 13
1777468783148 0.9986782477341389 14
1777469309023 0.9989527386480948 15
