1777462165034 3.6707112058051763 1
1777462482130 3.2884895464804957 2
1777463007901 1.0552180594007774 3
1777463533315 0.5460585498917859 4
1777464058475 0.44446149042996036 5
1777464583957 0.38679719531734186 6
1777465108858 0.16074167031603456 7
1777465635007 0.11683792521574976 8
1777466159542 0.10470682985551678 9
1777466684472 0.09621883312302143 10
1777467209290 0.07323740780060925 11
1777467733699 0.07109534337250037 12
1777468258171 0.07085826971323378 13
1777468783148 0.06826348543122096 14
1777469309023 0.0659717353232475 15
