1777455111082 2.548012065563317 1
1777455427779 1.0845014741053394 2
1777455744706 0.8930751917225357 3
1777456062651 0.8066733497957449 4
1777456587448 0.3073559925860509 5
1777457112553 0.1700440958772541 6
1777457638249 0.12301362190800762 7
1777458162974 0.07022486777351522 8
1777458688401 0.061661601046893715 9
1777459213961 0.06027790234815273 10
1777459739460 0.05691745917641999 11
1777460264684 0.05645624190861545 12
1777460789930 0.05414087345030193 13
1777461315484 0.054933685883935934 14
1777461841267 0.05286325109993133 15
