1777455111082 0.7765001713149137 1
1777455427779 0.9214829326216187 2
1777455744706 0.9360632937840465 3
1777456062651 0.9443950536027775 4
1777456587448 0.9837023225075529 5
1777457112553 0.9935564577039275 6
1777457638249 0.9966956193353474 7
1777458162974 0.9989260762839879 8
1777458688401 0.9991739048338368 9
1777459213961 0.9992093089123867 10
1777459739460 0.9991503021148036 11
1777460264684 0.9993981306646526 12
1777460789930 0.9994335347432024 13
1777461315484 0.9993509252265861 14
1777461841267 0.9994217333836858 15
