1777448045129 0.8143480054561465 1
1777448363617 0.9023857104094006 2
1777448682651 0.9100828193285674 3
1777449000626 0.9124846145105506 4
1777449526936 0.9698711291540786 5
1777450053538 0.9844694108761329 6
1777450579505 0.9891812129683365 7
1777451105456 0.9967900302114804 8
1777451631663 0.9980999811178247 9
1777452158258 0.9986310422960725 10
1777452684303 0.9991030966767371 11
1777453210665 0.9990912953172205 12
1777453736684 0.9991621034743202 13
1777454262988 0.9992211102719033 14
1777454789464 0.9990676925981873 15
