1777448045129 1.7278164869168733 1
1777448363617 1.0846324210080496 2
1777448682651 1.0288075711071671 3
1777449000626 1.0169984966606531 4
1777449526936 0.47477460740376093 5
1777450053538 0.3071212711831234 6
1777450579505 0.24010259490403885 7
1777451105456 0.11117620698353585 8
1777451631663 0.08654320901794375 9
1777452158258 0.07751194957581847 10
1777452684303 0.06332759456877847 11
1777453210665 0.06252430315801924 12
1777453736684 0.06255625878542302 13
1777454262988 0.06068265111272834 14
1777454789464 0.06093029914215612 15
