1777477309334 2.7034928184621645 1
1777477627279 1.1366243091414703 2
1777478151423 0.3690414958580023 3
1777478675685 0.21197776065919874 4
1777479200621 0.1625199865414747 5
1777479725182 0.13712220642929532 6
1777480249922 0.05563867046410539 7
1777480774628 0.0352403245721395 8
1777481298584 0.029217870879968983 9
1777481822681 0.02567726760129149 10
1777482346806 0.021474769073425937 11
1777482870906 0.020388967055107083 12
1777483394725 0.02003752953989088 13
1777483919324 0.019467924757764935 14
1777484444160 0.019445498320597627 15
