1777477309334 0.7680652589056067 1
1777477627279 0.9198486628489192 2
1777478151423 0.980058762061992 3
1777478675685 0.9913141993957704 4
1777479200621 0.9948192031722054 5
1777479725182 0.996494996223565 6
1777480249922 0.9992093089123867 7
1777480774628 0.9995869524169184 8
1777481298584 0.999752171450151 9
1777481822681 0.9999173904833837 10
1777482346806 0.9999173904833837 11
1777482870906 0.9999173904833837 12
1777483394725 0.9999645959214502 13
1777483919324 0.9999645959214502 14
1777484444160 0.9999409932024169 15
