1777484767848 0.5002399610068503 1
1777485084687 0.5967575983338486 2
1777485402034 0.6062428317401344 3
1777485719679 0.6097216102832034 4
1777486245765 0.7605626538981124 5
1777486771528 0.8532033261035504 6
1777487296761 0.8814881252198061 7
1777487822188 0.9519597250529286 8
1777488347607 0.9650325717522659 9
1777488872788 0.9675580626888217 10
1777489397671 0.9773531910876133 11
1777489922741 0.9786867447129909 12
1777490448050 0.9790674478625964 13
1777490973576 0.9807196381949226 14
1777491498803 0.9805723397213166 15
