1777484767848 5.333304426461188 1
1777485084687 4.864737825811449 2
1777485402034 4.794965218921442 3
1777485719679 4.746564154178355 4
1777486245765 1.4613489523034802 5
1777486771528 0.6623980033793838 6
1777487296761 0.5357650320560551 7
1777487822188 0.22499180038732525 8
1777488347607 0.1735472984645752 9
1777488872788 0.15933025017763372 10
1777489397671 0.11928570855498945 11
1777489922741 0.11540953379709645 12
1777490448050 0.11334164338777253 13
1777490973576 0.10729614793241384 14
1777491498803 0.1081850984108457 15
