1778711900028 0.6214189430377994 1
1778712225633 0.7442566717319258 2
1778712550028 0.7545561989448581 3
1778712874332 0.7568928681291482 4
1778713408017 0.8864328948572683 5
1778713941542 0.9289855376291131 6
1778714474870 0.9461447143662732 7
1778715007846 0.9778401064728682 8
1778715540822 0.9852246978851964 9
1778716073697 0.9867824773413897 10
1778716606890 0.9900278512084593 11
1778717140451 0.9897328172205438 12
1778717673516 0.9904763028700906 13
1778718208176 0.9904408987915407 14
1778718741319 0.9903613489199982 15
