1778711900028 0.8141377664584768 1
1778712225633 0.9040702451752032 2
1778712550028 0.9106846886639148 3
1778712874332 0.9116733803489777 4
1778713408017 0.9693636706948641 5
1778713941542 0.9837967333836858 6
1778714474870 0.9889128412544907 7
1778715007846 0.9968254342900302 8
1778715540822 0.9982179947129909 9
1778716073697 0.9985602341389728 10
1778716606890 0.9990676925981873 11
1778717140451 0.9990912953172205 12
1778717673516 0.9992093089123867 13
1778718208176 0.9993391238670695 14
1778718741319 0.9993391238670695 15
