1778711900028 1.7367541570317708 1
1778712225633 1.077563438530775 2
1778712550028 1.0293016398601302 3
1778712874332 1.0159427051817902 4
1778713408017 0.48383572981256734 5
1778713941542 0.3158773705025634 6
1778714474870 0.2435616438032277 7
1778715007846 0.11178027222276274 8
1778715540822 0.08850759280187126 9
1778716073697 0.07794505327214062 10
1778716606890 0.0659610255919622 11
1778717140451 0.06629219255761842 12
1778717673516 0.06287410945611868 13
1778718208176 0.06309790471624976 14
1778718741319 0.06208510420445544 15
