1777455111082 0.5807103719055833 1
1777455427779 0.7740813297447481 2
1777455744706 0.8050389182711656 3
1777456062651 0.8206875209901988 4
1777456587448 0.9236810451367831 5
1777457112553 0.9594033232628398 6
1777457638249 0.971487915407855 7
1777458162974 0.9855227915181854 8
1777458688401 0.9879980173716012 9
1777459213961 0.9886470921450151 10
1777459739460 0.9898538904607836 11
1777460264684 0.989337690197089 12
1777460789930 0.9902992824773413 13
1777461315484 0.9898600096608937 14
1777461841267 0.991019165407855 15
