1777448045129 0.6236148700793344 1
1777448363617 0.7445665666343942 2
1777448682651 0.7549132993754303 3
1777449000626 0.7572499685597204 4
1777449526936 0.8882857083013771 5
1777450053538 0.929534082326284 6
1777450579505 0.9470149554154664 7
1777451105456 0.9781823458988501 8
1777451631663 0.9853781155589124 9
1777452158258 0.9867706759818731 10
1777452684303 0.9899837054154664 11
1777453210665 0.9907477341389728 12
1777453736684 0.9906917869864634 13
1777454262988 0.9907359327794562 14
1777454789464 0.9909396155363123 15
