1777484767848 0.7268461697591395 1
1777485084687 0.8146041386797349 2
1777485402034 0.8221159226224501 3
1777485719679 0.8270960963384623 4
1777486245765 0.9106816290188412 5
1777486771528 0.954131175203986 6
1777487296761 0.964988425959273 7
1777487822188 0.9887887084592145 8
1777488347607 0.9934620468277946 9
1777488872788 0.9943471487915407 10
1777489397671 0.9967546261329305 11
1777489922741 0.9967074206948641 12
1777490448050 0.9970850641993958 13
1777490973576 0.9975335158610272 14
1777491498803 0.9973210913897281 15
