1777438956796 0.14396588360688772 1
1777439276002 0.500593148800264 2
1777439593425 0.6625203432807003 3
1777439911399 0.7352933406111706 4
1777440229851 0.7794354838061045 5
1777440548066 0.7999508111591799 6
1777440867538 0.8027649661862707 7
1777441185347 0.8028170391019568 8
1777441503562 0.8076574188399027 9
1777441823285 0.8105339705944061 10
1777442141666 0.8101734809846763 11
1777442460161 0.8099952480161047 12
1777442778895 0.8122692381043032 13
1777443098604 0.8115176684167011 14
1777443417457 0.8120435623519392 15
