1777438956796 6.060400689940855 1
1777439276002 5.576381232365068 2
1777439593425 5.132814467671406 3
1777439911399 4.723502279764198 4
1777440229851 4.35261610042618 5
1777440548066 4.154982971857829 6
1777440867538 4.120009586035487 7
1777441185347 4.089286521256688 8
1777441503562 4.054351921541145 9
1777441823285 4.023458852825395 10
1777442141666 4.007923762482333 11
1777442460161 4.005136565989758 12
1777442778895 3.9999310467616622 13
1777443098604 3.997470569897847 14
1777443417457 3.995708979755999 15
