1777438956796 0.05881198684135115 1
1777439276002 0.25898278082709714 2
1777439593425 0.3868632797735283 3
1777439911399 0.4593517719263054 4
1777440229851 0.5117852458034653 5
1777440548066 0.540742734110499 6
1777440867538 0.5451709304947451 7
1777441185347 0.5481056280164833 8
1777441503562 0.5510788111083479 9
1777441823285 0.5569863121911703 10
1777442141666 0.5591112938990076 11
1777442460161 0.5590866994426911 12
1777442778895 0.5608041286468506 13
1777443098604 0.5587312202137636 14
1777443417457 0.5598454048116523 15
