1777469631100 0.7482835578414249 1
1777470156028 0.9028660694638048 2
1777470680783 0.9469441472583667 3
1777471205459 0.9591616139131011 4
1777471730070 0.9634778519411462 5
1777472255127 0.989543995468278 6
1777472779729 0.9949018126888217 7
1777473303908 0.9962707703927492 8
1777473829062 0.9972148791540786 9
1777474353662 0.9982888028700906 10
1777474878352 0.9985366314199395 11
1777475403872 0.9984806842674302 12
1777475928366 0.9986428436555891 13
1777476453286 0.9987844599697885 14
1777476978441 0.998737254531722 15
